0 0.5050400855324485 0.5461970991124221 0.862451567216353 0.4691400788520855
0 0.14680180983109908 0.359882677839102 0.061190886064009235 0.1365060233027557
0 0.9305558360706676 0.48889487428091916 0.07029701926491477 0.3367583478083376
0 0.6939117154208096 0.3628681162015988 0.0660601806640625 0.17713565513735913
0 0.7954095181551847 0.38782054088154777 0.04953285910866477 0.1730299360765134
0 0.864547285600142 0.3990108198155471 0.06423095703125 0.19480914756899975
0 0.09145013982599431 0.4524630353750427 0.059537131569602275 0.1491854308081455
0 0.6454251098632813 0.35006209409953465 0.03605085893110795 0.11201235244834358
0 0.01593850525942716 0.48201020037541625 0.03009244138544256 0.25617810025241206
0 0.3158919455788352 0.3168803772639707 0.03456565163352273 0.06392911483681267
