0 0.9364214810458097 0.31083471019093584 0.1268597887707995 0.4170748780413372
0 0.20906195702490868 0.3141722272082073 0.41812391404981736 0.5232404499519162
0 0.7956430757200563 0.0389092462818797 0.12140650563425832 0.0778184925637594
0 0.4991126048874545 0.48960383490818304 0.9723023400678263 0.8876173409020028
0 0.8533756206561993 0.13365621101565478 0.09654196206625405 0.09286261767875857
0 0.5051928030980097 0.4942437904637034 0.9553812014592158 0.8849597442440871
0 0.5649452952595501 0.05143041581642337 0.1432808715027648 0.07734680466535615
0 0.03324711862225811 0.45696767946568934 0.06570705660171323 0.32901945346739236
0 0.9147620263037743 0.05284566995574207 0.055011501559963476 0.07988117962348752
0 0.6945424513383345 0.03689372830274629 0.12566915735021814 0.07378745660549257
0 0.9855471524325284 0.04769876926410489 0.028741217278814936 0.07520388757310263
