0 0.05430782432774551 0.34214918315410614 0.0946102078634364 0.37816261251767475
0 0.5666677169217408 0.22666881481806436 0.07919655137389671 0.14936367670694986
0 0.8139404704552571 0.40224404136339825 0.37211905908948595 0.28541431824366253
0 0.5104374521561251 0.5118378500143687 0.8466574909122846 0.5322221716245016
0 0.6369098634210252 0.2602838675181071 0.0473615923000656 0.10135424137115479
0 0.11505656569968653 0.3276819388071696 0.0793939619573928 0.3348081906636556
0 0.1656455192857116 0.2560658057530721 0.03624240496686397 0.08200804392496745
0 0.24184501444110434 0.2394523024559021 0.035254864292290376 0.05592203140258789
0 0.9861401856400585 0.22271508971850076 0.026734912668475667 0.1057785153388977
0 0.9248618497193315 0.31004441777865094 0.15027630056133706 0.10240179300308228
0 0.9370751708518458 0.21693231662114462 0.05059680501923306 0.10022274653116862
0 0.7261814670708343 0.22106840709845224 0.050800177887195846 0.10963343580563863
0 0.11548311655757991 0.23228470981121063 0.07538092227382515 0.1380953292051951
0 0.24831781314529536 0.15257439514001211 0.20063093054385586 0.21796064575513205
0 0.6807272525234077 0.25988730788230896 0.03389408024212786 0.07468460003534953
