6 0.04697043313483014 0.3853044411570756 0.08965638912782706 0.20787158454816365
6 0.5187311356592362 0.4909681241536878 0.5785185471464769 0.6046683911195735
6 0.7323595142732716 0.30827718911711705 0.07415447456035835 0.07166522311181137
6 0.851137080247798 0.31964927358725637 0.042023294220559844 0.1537371369981274
6 0.9363076346261161 0.33290396031645153 0.12412771571096766 0.16961738743732885
6 0.15388860665693246 0.3253094879622312 0.2679361321290948 0.2070560848590025
6 0.7929191147498642 0.2881824257447548 0.044969536622979006 0.05456948034542123
6 0.9809635412739051 0.3781177481425177 0.036816394467151306 0.0895105735542848
6 0.31591698193642165 0.30388629559389096 0.06257361334723395 0.08379773012141592
6 0.8208340677975687 0.2931173068960917 0.04032880274945705 0.05225128488442332
