4 0.11387873740334596 0.33290204366048176 0.22483929180141007 0.15812223646375867
4 0.9461231572287423 0.3880151875813802 0.1045731816973005 0.16374976264105903
4 0.8917333398546491 0.318088133070204 0.20796591894967215 0.18160856458875868
4 0.7189510209219796 0.29952395968967016 0.12304769243512835 0.10381991916232639
4 0.4712488353252411 0.5171696217854818 0.7251398818833488 0.6455582173665365
4 0.8182578768048968 0.30305096944173177 0.19529928479875838 0.13551393296983508
4 0.0642807819614453 0.3821477762858073 0.12491597541208778 0.11272389729817708
4 0.028226775782448903 0.41115292019314237 0.05645355156489781 0.11622470431857639
4 0.24975512708936418 0.27638155619303384 0.08539966174534389 0.07033320109049479
4 0.7938946996416364 0.26395987616644967 0.09712982177734375 0.041015862358940974
