4 0.7684323003116887 0.5864384218772746 0.4631353993766224 0.7173535127817474
4 0.44718316416390025 0.7223255797202542 0.08954847049408446 0.08172474736752718
4 0.4236353548190083 0.9111044747488839 0.07761968058138229 0.07269798894846662
4 0.48410726431459666 0.5472146502192716 0.09349240434055511 0.07679923869067838
4 0.6005797949842752 0.09139816805442667 0.089018800388129 0.07660440480486946
4 0.44385605345899687 0.8218842026609812 0.09305333634154103 0.08215815384195459
4 0.45376813602142824 0.6310349458493061 0.07424717132275858 0.07911625263853843
4 0.5302290748864317 0.36233569080044764 0.08937623630316494 0.08282894821640868
4 0.5009181354754269 0.45465372215887034 0.09631498781636881 0.07352291130871506
4 0.5648280865849017 0.18137287353136525 0.07577763274073981 0.0714170325616872
4 0.5578724187783921 0.2676966057060668 0.09699817206532049 0.08657336975476757
4 0.4940318390965081 0.5002891350977169 0.09621836506901457 0.10098328205369274
4 0.432767033196105 0.8730622285641498 0.09056527622210712 0.12492910823466614
