4 0.5652199681599935 0.4896596982365563 0.8125210825602214 0.8493349381855556
4 0.12076501528422037 0.6312941823686872 0.05820169448852539 0.25750709715343656
4 0.07088533163070679 0.3192782685870216 0.09067689736684163 0.2771492799123128
4 0.10674122492472331 0.406999565306164 0.04437046051025391 0.13667401813325428
4 0.08324711213509242 0.7558545158022926 0.16252354204654693 0.47147560119628906
4 0.8027596282958984 0.3845194663320269 0.391553700764974 0.5838652508599418
4 0.12338600476582845 0.5776319957914806 0.046514886220296224 0.13849076770600818
4 0.010454485559215148 0.24189299061184838 0.020607380581398806 0.10768391972496397
4 0.02388986587524414 0.3983283383505685 0.04777973175048828 0.18893784568423316
4 0.05150011698404948 0.23989333425249373 0.04543284098307292 0.12545047487531388
