4 0.7507611338297526 0.5250788643246606 0.41038447062174477 0.5857846396309989
4 0.2823808987935384 0.5368967851003011 0.45609228769938154 0.6486181758698963
4 0.9200450642903646 0.4114890666235061 0.15990987141927082 0.3075169381641206
4 0.16596593221028647 0.26810976437159945 0.08033317565917969 0.15678557895478748
4 0.21498263676961263 0.21838919321695963 0.036572202046712236 0.07532187870570592
4 0.580072021484375 0.37615199316115605 0.09257965087890625 0.2922369639078776
4 0.0928038215637207 0.4566600549788702 0.1856076431274414 0.591631912049793
4 0.028633861541748046 0.2357685679481143 0.05726772308349609 0.10971550714401972
4 0.4624075698852539 0.2964185987200056 0.09737531026204427 0.17556099664597286
4 0.6205858357747396 0.2138148375919887 0.022158203125 0.04062087195260184
